2020
50445.5, 0, 0
3256, 0, 20
3248, 0, 128
138, 0, 620
297, 0, 726
54, 0, 876
3807, 0, 1016
46, 0, 1074
47.5, 0, 1186
64, 0, 1230
184, 0, 1320
240, 0, 1374
135, 0, 1384
4669, 0, 1450
83.25, 0, 1484
138, 0, 1572
112, 0, 1588
92, 0, 1604
305.25, 0, 1612
1624, 0, 1622
3248, 0, 1746
180, 0, 1792
2648, 0, 1998
1930.5, 1, 140
1228.5, 1, 462
2457, 1, 548
272.25, 1, 1052
1638, 1, 1294
1053, 1, 1442
2211, 1, 1792
50225, 2, 2
317.25, 2, 12
48.75, 2, 72
3177.5, 2, 112
2808, 2, 254
3489.75, 2, 358
17.5, 2, 380
60, 2, 384
2767.5, 2, 396
24, 2, 408
52.5, 2, 514
4305, 2, 518
3997.5, 2, 524
458.25, 2, 650
58.75, 2, 710
47.5, 2, 728
3946.25, 2, 734
235, 2, 856
262.5, 2, 950
134.75, 2, 1064
12.5, 2, 1238
1541.25, 2, 1524
369, 2, 1544
71.25, 2, 1604
225, 2, 1678
293.75, 2, 1698
53.75, 2, 1726
138.75, 2, 1978
87.75, 3, 114
108, 3, 124
175.5, 3, 174
60, 3, 188
369.75, 3, 262
24, 3, 330
2558.5, 3, 346
239.25, 3, 398
397.75, 3, 488
31.5, 3, 556
4121.25, 3, 580
52.5, 3, 662
57.5, 3, 920
215, 3, 990
2730, 3, 994
497, 3, 1124
225.75, 3, 1230
2640, 3, 1264
18, 3, 1398
161.25, 3, 1434
99, 3, 1474
2590.5, 3, 1482
61.25, 3, 1494
156, 3, 1516
126.5, 3, 1524
2708.25, 3, 1610
397.75, 3, 1716
540.5, 3, 1738
63, 3, 1766
132, 3, 1790
351, 3, 1836
101.5, 3, 1840
217.5, 3, 1864
425.5, 3, 1904
147, 3, 1914
29.75, 3, 1980
29197, 4, 4
3367, 4, 76
46.25, 4, 144
294, 4, 216
31.5, 4, 260
52.5, 4, 286
2332.75, 4, 324
263.25, 4, 660
277.5, 4, 750
1279.25, 4, 764
438.75, 4, 1066
1204, 4, 1134
434.75, 4, 1170
1701, 4, 1252
18.5, 4, 1546
279, 4, 1976
34, 5, 18
132, 5, 280
360, 5, 496
1173, 5, 512
41, 5, 544
104, 5, 548
1925, 5, 618
296, 5, 640
93.5, 5, 872
3392, 5, 942
170.5, 5, 998
112, 5, 1042
64, 5, 1136
813, 5, 1214
147, 5, 1858
1558.25, 5, 1980
20724.5, 6, 6
987, 6, 26
49.5, 6, 206
201.25, 6, 242
387.75, 6, 374
1334.75, 6, 444
185.25, 6, 524
2458.75, 6, 844
52.5, 6, 1006
288.75, 6, 1034
354.75, 6, 1082
446.25, 6, 1210
143.5, 6, 1372
2515.5, 6, 1410
2384.25, 6, 1854
19, 6, 2014
149.5, 7, 34
50, 7, 202
4519.5, 7, 314
149.5, 7, 376
34.5, 7, 752
599.25, 7, 770
3391.5, 7, 842
156, 7, 854
143, 7, 926
2063.25, 7, 942
612.5, 7, 1022
81.25, 7, 1136
67.5, 7, 1142
139.75, 7, 1182
65.25, 7, 1192
3831.75, 7, 1196
387.5, 7, 1254
6.75, 7, 1352
4500, 7, 1380
76.5, 7, 1404
5010.75, 7, 1516
4323, 7, 1536
78, 7, 1542
1972.25, 7, 1584
909, 7, 1682
196.5, 7, 1698
1703, 7, 1870
24.75, 7, 1892
69.75, 7, 1926
393, 7, 1958
18799.5, 8, 8
168, 8, 24
3037.5, 8, 176
56, 8, 232
644, 8, 352
192, 8, 384
40, 8, 552
132, 8, 554
468, 8, 780
4884, 8, 796
213.75, 8, 974
24, 8, 1000
2491.5, 8, 1008
830.5, 8, 1332
168, 8, 1350
420, 8, 1438
256, 9, 344
2651.25, 9, 408
1501.5, 9, 598
3105.75, 9, 792
3863.25, 9, 846
3699.5, 9, 864
318.5, 9, 1672
120, 9, 1936
25835.5, 10, 10
28.5, 10, 128
1676.75, 10, 146
27, 10, 194
157.5, 10, 216
3883.25, 10, 222
148, 10, 268
1224, 10, 396
30, 10, 424
277.5, 10, 458
2917.5, 10, 496
20.25, 10, 526
161.5, 10, 672
209, 10, 694
187.5, 10, 836
185.25, 10, 1086
320.25, 10, 1146
1188.75, 10, 1148
24, 10, 1174
2.25, 10, 1258
94.5, 10, 1278
48, 10, 1500
68.25, 10, 1530
30, 10, 1554
148.5, 10, 1766
168, 10, 1854
2378.25, 10, 1872
255, 10, 1910
128.25, 10, 1930
133, 11, 8
272.25, 11, 104
31.5, 11, 222
1295, 11, 232
239.25, 11, 258
140.25, 11, 574
38.5, 11, 1116
3861, 11, 1216
1736, 11, 1456
38.5, 11, 1460
363, 11, 1728
41499, 12, 12
45, 12, 50
43.75, 12, 64
87, 12, 86
63, 12, 122
138.75, 12, 132
60.75, 12, 162
253.75, 12, 200
24.75, 12, 210
116, 12, 266
2871, 12, 380
294, 12, 388
3741, 12, 416
1511.25, 12, 538
18.75, 12, 646
83.25, 12, 648
282.75, 12, 802
122.5, 12, 850
140, 12, 916
239.25, 12, 996
110, 12, 1044
9, 12, 1068
110.25, 12, 1084
82.5, 12, 1328
105.75, 12, 1430
153.75, 12, 1522
168.75, 12, 1838
9, 13, 1194
32113.25, 14, 14
528.75, 14, 116
187.5, 14, 166
186, 14, 174
17.5, 14, 308
475, 14, 382
60, 14, 450
77.5, 14, 622
2818.75, 14, 632
75, 14, 652
512.5, 14, 662
245, 14, 754
50, 14, 758
392, 14, 906
90, 14, 950
294.5, 14, 1070
925, 14, 1112
450, 14, 1120
33.75, 14, 1212
1332.5, 14, 1228
2040, 14, 1254
131.25, 14, 1318
30, 14, 1374
157.5, 14, 1430
484.5, 14, 1440
3997.5, 14, 1514
180, 14, 1560
481.75, 14, 1740
456, 14, 1850
540, 14, 1934
95, 15, 52
184, 15, 60
4587.5, 15, 102
266.5, 15, 162
152, 15, 164
108, 15, 310
204.25, 15, 500
11.25, 15, 510
221, 15, 566
275.25, 15, 588
318.5, 15, 732
123.5, 15, 764
2185, 15, 786
535.5, 15, 1030
48.75, 15, 1154
4404, 15, 1176
44, 15, 1198
44, 15, 1266
3761.75, 15, 1282
1432, 15, 1396
124, 15, 1434
551.25, 15, 1502
140.25, 15, 1766
247, 15, 1810
510, 15, 1884
4716, 16, 6
36942, 16, 16
22.5, 16, 292
51, 16, 398
213.75, 16, 590
37.5, 16, 648
323, 16, 724
3093.5, 16, 728
333, 16, 740
416.5, 16, 820
2275.5, 16, 866
15, 16, 872
45, 16, 898
3858.75, 16, 980
105, 16, 1006
1383.75, 16, 1036
575.75, 16, 1168
238, 16, 1226
9, 16, 1266
82.5, 16, 1604
346.5, 16, 1836
204, 17, 4
296, 17, 330
365.5, 17, 338
92.5, 17, 372
136, 17, 430
3740, 17, 752
3154.25, 17, 1048
342.25, 17, 1102
306, 17, 1332
102, 17, 1772
1836, 17, 1982
475, 18, 2
49597.5, 18, 18
1707.75, 18, 86
14, 18, 96
78, 18, 178
4500, 18, 230
382.5, 18, 348
330.75, 18, 460
195.75, 18, 464
303.75, 18, 578
4350, 18, 626
21.5, 18, 652
115, 18, 824
301, 18, 834
5809.75, 18, 838
279.5, 18, 906
72, 18, 978
51.75, 18, 990
3060, 18, 1024
2652, 18, 1046
256.5, 18, 1050
232.75, 18, 1052
552, 18, 1066
492, 18, 1078
156, 18, 1084
96, 18, 1088
4590, 18, 1284
528, 18, 1316
3343.25, 18, 1356
51, 18, 1368
147, 18, 1432
397.75, 18, 1436
224, 18, 1668
73.5, 18, 1722
72, 18, 1822
5010.25, 18, 1936
494.5, 19, 314
297.25, 19, 400
2245, 19, 624
1632, 19, 634
250, 19, 808
235, 19, 840
80, 19, 882
225.75, 19, 942
399, 19, 992
2665, 19, 1082
152, 19, 1118
35, 19, 1130
275.5, 19, 1186
40, 19, 1194
419.25, 19, 1196
380, 19, 1274
328, 19, 1320
136, 19, 1354
190, 19, 1374
205, 19, 1380
548.25, 19, 1516
473, 19, 1536
81.5, 19, 1682
21.5, 19, 1698
176, 19, 1792
4715, 19, 1898
40, 19, 1914
43, 19, 1958
37224, 20, 20
43.75, 20, 128
225.5, 20, 302
104.5, 20, 366
182.25, 20, 480
246, 20, 524
49, 20, 550
140, 20, 566
112.75, 20, 690
61.25, 20, 816
136, 20, 1054
90.25, 20, 1208
71.75, 20, 1242
21.25, 20, 1254
102.5, 20, 1298
164, 20, 1414
38.25, 20, 1438
348.5, 20, 1476
951.75, 20, 1484
1972.25, 20, 1584
3489.75, 20, 1612
28.5, 20, 1780
171, 20, 1916
3905.25, 21, 90
390, 21, 238
120, 21, 294
3006.75, 21, 734
209, 21, 882
3168, 21, 944
108, 21, 1024
429, 21, 1188
288, 21, 1408
1208, 21, 1662
2475, 21, 1920
43637.75, 22, 22
342.25, 22, 26
59.5, 22, 160
71.25, 22, 262
84, 22, 280
232.75, 22, 296
42.75, 22, 446
180, 22, 474
9.5, 22, 556
1866.75, 22, 564
108, 22, 736
51, 22, 738
140.25, 22, 838
37, 22, 840
140, 22, 858
120.25, 22, 874
172, 22, 888
3450.25, 22, 964
4977.25, 22, 966
255, 22, 1008
3356.75, 22, 1158
241.5, 22, 1182
168, 22, 1230
157.25, 22, 1288
2999.25, 22, 1304
27, 22, 1348
235, 22, 1360
399, 22, 1482
588, 22, 1486
175.75, 22, 1574
182.75, 22, 1702
2115, 22, 1710
61.75, 22, 1714
55.5, 22, 1764
4630, 22, 1858
321.75, 23, 8
58.5, 23, 28
214.5, 23, 240
616.5, 23, 446
19.5, 23, 880
42.5, 23, 1244
42.5, 23, 1366
34, 23, 1532
272, 23, 1934
429, 23, 1936
2609.25, 24, 0
41300, 24, 24
1762.5, 24, 26
72, 24, 84
168, 24, 128
1755.25, 24, 414
575, 24, 454
329, 24, 714
397.75, 24, 878
311.75, 24, 1116
125, 24, 1256
40, 24, 1350
256.25, 24, 1372
322.5, 24, 1386
2581.25, 24, 1422
241.5, 24, 1450
84, 24, 1622
2878.75, 24, 1634
168, 24, 1746
1559.25, 25, 86
459, 25, 108
387.5, 25, 162
218.5, 25, 290
216, 25, 292
333, 25, 432
243, 25, 640
314, 25, 824
459, 25, 906
47.25, 25, 990
85.5, 25, 1108
72, 25, 1192
18, 25, 1398
315, 25, 1848
123.5, 26, 8
21573, 26, 26
60.75, 26, 56
54, 26, 200
153.75, 26, 246
175.5, 26, 340
91, 26, 1122
3136.5, 26, 1372
312.5, 26, 1394
168.75, 26, 1526
256.5, 26, 1556
1181.25, 26, 1608
16.25, 26, 2004
17, 27, 8
1219.5, 27, 106
154, 27, 192
33.75, 27, 302
12.25, 27, 332
12.25, 27, 564
86.25, 27, 566
45.5, 27, 628
1287.25, 27, 638
84, 27, 1014
82.5, 27, 1164
22.5, 27, 1240
416.5, 27, 1276
56, 27, 1386
105, 27, 1494
1829.25, 27, 1600
135.5, 27, 1644
150, 27, 1700
3.5, 27, 1798
180, 28, 12
43022, 28, 28
13.5, 28, 30
96, 28, 74
32, 28, 84
12.5, 28, 140
419.25, 28, 152
222.75, 28, 158
3720, 28, 224
3402.25, 28, 230
377.5, 28, 370
322.5, 28, 384
369, 28, 426
22.5, 28, 490
340, 28, 508
41.25, 28, 548
118.75, 28, 554
114, 28, 558
114, 28, 620
2853.5, 28, 660
9, 28, 668
42, 28, 676
2743.75, 28, 944
108, 28, 988
45, 28, 1044
2094, 28, 1174
120, 28, 1214
5158.25, 28, 1232
18, 28, 1320
153, 28, 1400
290.25, 28, 1440
288, 28, 1764
360, 28, 1774
60, 28, 1832
220, 28, 1974
46.75, 29, 18
1651, 29, 194
131.75, 29, 242
63, 29, 380
1165.5, 29, 450
110, 29, 490
55, 29, 532
216.75, 29, 576
66, 29, 662
192.25, 29, 728
110.5, 29, 780
5.5, 29, 868
88, 29, 890
2387, 29, 920
174.25, 29, 1040
22, 29, 1140
1601.25, 29, 1194
68, 29, 1206
45, 29, 1238
110, 29, 1468
562, 29, 1664
193.5, 29, 1726
126.5, 29, 1778
133.25, 29, 1888
832.5, 29, 1950
42.5, 29, 1980
40185, 30, 30
100, 30, 122
155, 30, 134
20, 30, 152
348.75, 30, 178
385, 30, 212
66, 30, 322
4260, 30, 362
203, 30, 450
211.5, 30, 466
72, 30, 810
44, 30, 882
418, 30, 926
1057.5, 30, 1002
68.75, 30, 1020
1480.5, 30, 1146
297, 30, 1162
224.75, 30, 1196
280, 30, 1262
5181.75, 30, 1350
38.75, 30, 1354
275, 30, 1408
71.5, 30, 1414
2409, 30, 1446
220, 30, 1468
2549.75, 30, 1552
3465, 30, 1732
90.75, 30, 1862
82, 30, 1906
22, 30, 1970
64, 30, 1996
268.75, 31, 0
1190, 31, 54
38.5, 31, 126
87.5, 31, 150
138, 31, 536
280, 31, 552
20.5, 31, 558
633, 31, 782
3270.5, 31, 802
367.5, 31, 818
21, 31, 882
3485, 31, 968
262.5, 31, 1142
2861.25, 31, 1270
4536.5, 31, 1310
193.75, 31, 1432
166.25, 31, 1502
28, 31, 1628
227.5, 31, 1824
232, 31, 1906
273, 31, 1962
76.5, 32, 0
2863.5, 32, 8
39776, 32, 32
3503, 32, 140
516, 32, 284
516, 32, 286
369.75, 32, 448
396, 32, 572
48, 32, 728
100, 32, 754
568, 32, 806
2486, 32, 860
160, 32, 906
204, 32, 908
379.5, 32, 1008
4068, 32, 1026
116, 32, 1180
446.25, 32, 1208
304, 32, 1262
126.5, 32, 1332
280.5, 32, 1596
36, 32, 1640
5023.5, 32, 1694
369.75, 32, 1720
1695, 32, 1794
3977, 33, 4
2159, 33, 50
30, 33, 76
317.75, 33, 324
825.5, 33, 630
174.25, 33, 764
127, 33, 778
48, 33, 980
96, 33, 1080
164, 33, 1134
1053, 33, 1144
45, 33, 1542
1968.5, 33, 1884
1206.5, 33, 2014
35384, 34, 34
3219, 34, 160
266.5, 34, 162
229.5, 34, 246
1014, 34, 254
68, 34, 390
340, 34, 432
221, 34, 566
3219, 34, 610
136, 34, 710
3, 34, 728
318.5, 34, 732
75, 34, 916
2697, 34, 1062
336, 34, 1064
105, 34, 1148
77.5, 34, 1230
187, 34, 1234
2632, 34, 1496
133.25, 34, 1544
2871, 34, 1618
81.25, 34, 1678
170, 34, 1710
247, 34, 1810
435, 34, 1906
154, 34, 1982
350, 34, 1986
1644.5, 35, 134
140, 35, 198
350, 35, 240
1001, 35, 326
506, 35, 344
286, 35, 666
80.5, 35, 746
44, 35, 888
356.5, 35, 1016
301, 35, 1070
3423, 35, 1156
786.5, 35, 1214
3432, 35, 1242
767.25, 35, 1304
350, 35, 1434
280, 35, 1436
643.5, 35, 1682
123.75, 35, 1702
4025, 35, 1800
27616.75, 36, 36
242.25, 36, 218
52.5, 36, 268
93.5, 36, 366
38, 36, 396
109.25, 36, 706
3085.25, 36, 858
147, 36, 1022
21, 36, 1110
153, 36, 1166
22.5, 36, 1198
80.75, 36, 1208
180.5, 36, 1252
376.25, 36, 1258
118.75, 36, 1688
25.5, 36, 1780
924, 36, 1900
153, 36, 1916
306, 37, 20
280, 37, 22
227.5, 37, 66
78.75, 37, 180
365.5, 37, 202
31.5, 37, 302
494.5, 37, 334
40.5, 37, 384
272, 37, 396
211.5, 37, 480
61.25, 37, 512
80.5, 37, 566
279.5, 37, 588
64.5, 37, 658
4572.75, 37, 660
428.75, 37, 664
247.25, 37, 672
46.75, 37, 736
2178, 37, 802
367.5, 37, 914
314.5, 37, 964
77, 37, 1164
288.75, 37, 1172
21, 37, 1240
385, 37, 1252
52.5, 37, 1282
1003, 37, 1312
172, 37, 1330
178.5, 37, 1418
411.25, 37, 1440
211.5, 37, 1580
231, 37, 1646
358.75, 37, 1650
140, 37, 1700
4934.25, 37, 1798
153, 37, 1874
4235, 37, 1926
27.5, 38, 24
24921, 38, 38
21, 38, 40
426, 38, 270
142, 38, 276
220.5, 38, 500
75.25, 38, 600
1491, 38, 696
1704, 38, 878
29.25, 38, 922
915, 38, 1064
2331, 38, 1084
262.5, 38, 1238
2556, 38, 1256
2130, 38, 1372
75.25, 38, 1480
63, 38, 1710
252, 38, 1800
131.25, 38, 1946
173.25, 39, 230
2168, 39, 234
105, 39, 294
2436, 39, 428
30, 39, 664
10, 39, 666
11, 39, 680
2190, 39, 732
3528, 39, 780
235, 39, 1034
248, 39, 1048
451, 39, 1104
3622.75, 39, 1110
28, 39, 1464
15, 39, 1566
37.5, 39, 1678
115, 39, 1770
30, 39, 1850
3276, 39, 1942
365.5, 39, 1994
16456, 40, 40
19.5, 40, 176
181.5, 40, 186
123.5, 40, 268
73.5, 40, 390
76.5, 40, 444
104, 40, 598
1573, 40, 684
67.5, 40, 698
94.25, 40, 758
720, 40, 764
94.25, 40, 916
24, 40, 962
65, 40, 1256
203.5, 40, 1350
48, 40, 1696
75, 40, 1926
162.5, 40, 1962
10.5, 40, 1972
81, 41, 56
138, 41, 98
12.25, 41, 132
72, 41, 200
99, 41, 210
136.5, 41, 226
171.5, 41, 266
234, 41, 340
11.5, 41, 376
21.5, 41, 386
1512, 41, 504
28.5, 41, 524
216, 41, 528
234.5, 41, 648
1, 41, 690
2954.5, 41, 692
21, 41, 708
52.5, 41, 714
432, 41, 826
414, 41, 874
66.5, 41, 892
104.5, 41, 922
8, 41, 942
1423.5, 41, 1042
178.5, 41, 1076
1582, 41, 1136
7, 41, 1140
126, 41, 1176
108, 41, 1254
456, 41, 1330
17, 41, 1398
168, 41, 1412
4.5, 41, 1522
17.5, 41, 1554
342, 41, 1556
43.75, 41, 1610
17, 41, 1638
6, 41, 1658
85.75, 41, 1680
20.5, 41, 1926
399, 41, 1940
4023, 41, 2008
3014.75, 42, 18
45053.25, 42, 42
4493.5, 42, 134
709.5, 42, 206
90, 42, 278
67.5, 42, 300
23.25, 42, 348
27.5, 42, 438
1014.75, 42, 720
140.25, 42, 726
279, 42, 838
246.5, 42, 872
120, 42, 896
2431, 42, 938
186, 42, 1024
650.25, 42, 1082
2255.25, 42, 1092
35, 42, 1194
135, 42, 1218
279, 42, 1284
513, 42, 1456
110, 42, 1460
243.75, 42, 1568
4628.25, 42, 1688
229.5, 42, 1694
110, 42, 1826
18, 42, 1860
156, 42, 1868
58.5, 42, 1970
105, 42, 1988
448.5, 42, 2000
4418.25, 43, 0
20.25, 43, 64
1438.5, 43, 150
344.25, 43, 154
209.25, 43, 156
155.25, 43, 166
72.25, 43, 170
63.75, 43, 188
352, 43, 192
270, 43, 268
283.5, 43, 598
216, 43, 684
949.5, 43, 696
106.25, 43, 712
4315.5, 43, 1142
127.5, 43, 1268
2052.75, 43, 1280
45, 43, 1408
372, 43, 1410
3185.25, 43, 1432
240, 43, 1494
29.75, 43, 1640
2261.25, 43, 1676
162.75, 43, 1680
139.5, 43, 2016
34242.75, 44, 44
207, 44, 100
231, 44, 204
12, 44, 220
5328, 44, 258
90, 44, 328
495, 44, 394
871.5, 44, 572
1800, 44, 586
288, 44, 696
4308, 44, 778
105, 44, 790
264, 44, 852
22, 44, 872
330, 44, 902
396, 44, 908
1275, 44, 946
336, 44, 1002
156, 44, 1086
84, 44, 1116
80, 44, 1198
288, 44, 1224
96, 44, 1260
14, 44, 1374
25.5, 44, 1398
264, 44, 1406
407, 44, 1414
88, 44, 1430
143.5, 44, 1538
384, 44, 1594
204, 44, 1652
229.5, 44, 1756
192, 44, 1778
395.25, 44, 1802
123.75, 44, 1942
504, 44, 1962
183.75, 44, 1986
360, 44, 1996
46.5, 45, 98
312.5, 45, 108
275, 45, 116
2557.5, 45, 148
75, 45, 230
487.5, 45, 374
255.75, 45, 462
69.75, 45, 512
3778.5, 45, 562
144, 45, 646
143, 45, 666
354.75, 45, 744
368, 45, 836
400, 45, 856
48, 45, 916
328, 45, 928
563.5, 45, 944
338.25, 45, 1030
264.5, 45, 1070
904, 45, 1170
200, 45, 1200
387.5, 45, 1234
5287.5, 45, 1294
108.5, 45, 1326
364.25, 45, 1330
140.25, 45, 1336
5002.5, 45, 1338
54.25, 45, 1426
3245, 45, 1478
275, 45, 1626
368, 45, 1632
484, 45, 1636
160, 45, 1704
280.5, 45, 1900
356.5, 45, 1930
4527, 45, 1944
46, 45, 1946
4100, 46, 24
462, 46, 26
34970, 46, 46
225, 46, 134
506.25, 46, 178
64.5, 46, 186
297, 46, 274
258.5, 46, 288
387.75, 46, 328
2421, 46, 344
174.25, 46, 414
101.25, 46, 508
105, 46, 560
30, 46, 678
458.25, 46, 700
4252.5, 46, 790
270, 46, 820
438.75, 46, 1130
423, 46, 1132
326.25, 46, 1196
2044, 46, 1238
22, 46, 1266
56.25, 46, 1354
348.75, 46, 1358
256.25, 46, 1422
425.5, 46, 1498
3701.25, 46, 1552
3105, 46, 1600
3333, 46, 1690
195.5, 46, 1700
33.75, 46, 1860
262.5, 46, 1970
21, 47, 130
63, 47, 250
273, 47, 392
367.5, 47, 394
157.5, 47, 444
84, 47, 488
2132, 47, 520
1410.5, 47, 598
330.5, 47, 756
182, 47, 896
42, 47, 898
294, 47, 922
287.5, 47, 980
229.5, 47, 988
3160.5, 47, 1178
16.5, 47, 1180
255, 47, 1214
131.25, 47, 1224
304.5, 47, 1272
2015, 47, 1338
4533.75, 47, 1350
187.5, 47, 1500
399, 47, 1564
175.5, 47, 1694
73.5, 47, 1696
115.5, 47, 1794
127.5, 47, 1832
84, 47, 1862
563.75, 47, 1944
2350, 47, 1964
429, 48, 22
39524.25, 48, 48
355.25, 48, 186
453, 48, 222
195.75, 48, 252
514.5, 48, 478
70, 48, 494
82.5, 48, 600
165, 48, 680
94.25, 48, 778
9, 48, 782
262.5, 48, 790
150, 48, 802
29, 48, 852
135, 48, 982
423, 48, 1046
357, 48, 1194
2527.5, 48, 1268
64.5, 48, 1310
679.5, 48, 1348
342, 48, 1364
220, 48, 1476
2704.25, 48, 1486
189.75, 48, 1558
80.5, 48, 1602
165, 48, 1780
154, 48, 1838
168, 48, 1904
525, 49, 26
55, 49, 88
370.5, 49, 136
33, 49, 220
607.75, 49, 274
2996, 49, 294
29, 49, 296
1951.75, 49, 304
47.25, 49, 494
856, 49, 664
5904, 49, 700
255, 49, 918
231, 49, 1116
92.5, 49, 1144
220, 49, 1198
552, 49, 1212
25, 49, 1266
165, 49, 1338
40, 49, 1502
399.75, 49, 1566
1070, 49, 1678
3787.5, 49, 1690
38.5, 49, 1708
552, 49, 1732
276, 49, 1812
516, 49, 1866
14809, 50, 50
2508, 50, 270
13, 50, 392
17.5, 50, 394
2, 50, 898
14, 50, 922
72, 50, 1036
690.25, 50, 1268
19, 50, 1564
5.5, 50, 1794
4, 50, 1862
331.5, 51, 2
130, 51, 132
22, 51, 178
100, 51, 404
76.75, 51, 736
3149.25, 51, 854
1941.5, 51, 1018
3842.25, 51, 1046
1142.5, 51, 1228
1003, 51, 1312
3106.5, 51, 1364
144, 51, 1398
250, 51, 1494
35, 51, 1626
60, 51, 2002
36115, 52, 52
82.25, 52, 86
270.25, 52, 112
2393.75, 52, 214
117.5, 52, 252
318.75, 52, 292
110, 52, 576
10, 52, 680
117.5, 52, 722
120, 52, 752
1075, 52, 772
175, 52, 792
94, 52, 822
47.5, 52, 824
275, 52, 836
2797.5, 52, 850
25, 52, 878
152, 52, 902
3901, 52, 976
307.5, 52, 1000
21, 52, 1016
307.5, 52, 1020
575, 52, 1112
85, 52, 1222
5592, 52, 1262
199.75, 52, 1282
5825, 52, 1412
4634.5, 52, 1514
112, 52, 1784
391, 52, 1850
1281.5, 52, 1872
235, 52, 1882
125, 52, 1944
1225.25, 53, 96
152, 53, 222
261, 53, 308
2500, 53, 410
246.5, 53, 490
4252.5, 53, 540
304.5, 53, 646
3436.5, 53, 888
65.25, 53, 914
137.75, 53, 1044
189, 53, 1188
232.75, 53, 1236
2679.5, 53, 1382
290, 53, 1408
377, 53, 1650
358, 53, 1794
2356.25, 53, 1828
130, 53, 1840
232.75, 53, 1888
65.25, 53, 1956
368, 53, 1960
34680, 54, 54
1122, 54, 126
150.5, 54, 160
279, 54, 210
204, 54, 246
160, 54, 444
240.5, 54, 560
3169.75, 54, 722
129, 54, 738
494.5, 54, 746
354.75, 54, 838
48, 54, 860
612, 54, 882
69.75, 54, 892
162.75, 54, 984
397.75, 54, 1022
263.5, 54, 1042
229.5, 54, 1170
4.5, 54, 1172
397.75, 54, 1288
112, 54, 1296
180, 54, 1314
72, 54, 1470
161.25, 54, 1486
46.25, 54, 1576
30.75, 54, 1586
30.75, 54, 1618
2550, 54, 1648
284.25, 54, 1718
1896, 54, 1742
231.25, 54, 1864
16.5, 54, 1916
27.75, 54, 1960
103.5, 55, 50
100, 55, 128
40.5, 55, 140
88, 55, 222
120, 55, 328
243, 55, 518
87.75, 55, 594
2200, 55, 670
150, 55, 956
283.5, 55, 1020
1580.5, 55, 1044
208, 55, 1086
134.75, 55, 1236
270, 55, 1306
97.5, 55, 1370
148.5, 55, 1584
27.5, 55, 1588
156.25, 55, 1678
1921.5, 55, 1680
108, 55, 1736
110, 55, 1794
81, 55, 1808
134.75, 55, 1888
121.5, 55, 1910
131.25, 55, 1924
241.5, 55, 1998
40.5, 55, 2014
2566.5, 56, 2
25842, 56, 56
101.25, 56, 184
374, 56, 606
1445, 56, 676
253, 56, 684
94, 56, 732
265.5, 56, 752
505.25, 56, 836
272.25, 56, 838
387.75, 56, 856
90.75, 56, 964
495, 56, 1076
239.25, 56, 1092
108, 56, 1286
616, 56, 1362
45, 56, 1408
41.25, 56, 1514
176.25, 56, 1626
2821.5, 56, 1650
540.5, 56, 1856
239.25, 56, 1870
92.25, 56, 1878
183.75, 57, 4
21, 57, 8
915, 57, 116
2922.75, 57, 136
52.5, 57, 198
2362.5, 57, 268
3464, 57, 392
3031, 57, 402
23, 57, 444
194.75, 57, 448
110.25, 57, 468
71.75, 57, 524
85, 57, 666
93.5, 57, 680
317.75, 57, 750
39, 57, 822
147, 57, 918
6.5, 57, 928
157.5, 57, 952
444, 57, 1018
81.25, 57, 1058
185.5, 57, 1070
3833.5, 57, 1104
4.5, 57, 1114
72, 57, 1118
48.75, 57, 1162
514.5, 57, 1276
9, 57, 1332
162.75, 57, 1352
203.5, 57, 1360
379.25, 57, 1370
238, 57, 1464
1186.25, 57, 1488
42, 57, 1574
13, 57, 1748
462.5, 57, 1798
526.75, 58, 18
26463.75, 58, 58
104.5, 58, 104
1071, 58, 304
2065.5, 58, 340
99.75, 58, 344
232, 58, 380
355.25, 58, 394
36, 58, 556
382.5, 58, 710
3733.75, 58, 960
147.25, 58, 1388
152.25, 58, 1438
70, 58, 1494
72, 58, 1766
459, 58, 1828
34, 58, 1980
70.5, 59, 286
184.5, 59, 546
4867.5, 59, 562
246, 59, 706
399.5, 59, 832
246.75, 59, 854
80.5, 59, 864
3648, 59, 1012
112, 59, 1222
4392, 59, 1240
104.5, 59, 1472
61.5, 59, 1794
280, 59, 1890
35, 60, 14
494.5, 60, 44
154, 60, 50
45599.75, 60, 60
41.25, 60, 84
16.5, 60, 118
49, 60, 160
3211.25, 60, 192
1743.25, 60, 382
2110.25, 60, 578
11, 60, 596
154, 60, 654
42, 60, 738
2354, 60, 776
115.5, 60, 838
149.5, 60, 866
395.25, 60, 896
2697.75, 60, 1058
3486.5, 60, 1084
77.5, 60, 1146
165, 60, 1198
258.5, 60, 1238
3853.5, 60, 1250
129.5, 60, 1288
190, 60, 1376
404.25, 60, 1410
345, 60, 1488
170.5, 60, 1652
286.75, 60, 1702
22, 60, 1714
372, 60, 1730
181.5, 60, 1748
550.5, 60, 1960
314.5, 61, 132
148.75, 61, 480
28.5, 61, 512
152, 61, 522
3425.5, 61, 538
31, 61, 808
483, 61, 984
128.25, 61, 1188
228, 61, 1322
187, 61, 1328
253.75, 61, 1354
2185, 61, 1378
175.75, 61, 1400
348.5, 61, 1522
348.75, 61, 1638
123.5, 61, 1644
4.5, 61, 1646
382.5, 61, 1838
2581.25, 61, 1906
21538, 62, 62
2299, 62, 844
2904, 62, 878
317.75, 62, 1230
1019.25, 63, 1424
114.75, 63, 1458
2625, 63, 1640
96.75, 63, 1908
14238, 64, 64
181.25, 64, 204
2212.5, 64, 284
62.5, 64, 1066
150, 64, 1476
81.25, 64, 1838
112.5, 64, 1902
21.5, 65, 144
27, 65, 204
4180, 65, 238
181.25, 65, 310
60, 65, 322
7.5, 65, 336
216.75, 65, 436
110, 65, 450
67.5, 65, 488
246.5, 65, 502
33.75, 65, 510
4192.5, 65, 554
181.25, 65, 782
36, 65, 808
236.25, 65, 862
40, 65, 882
309, 65, 978
62.5, 65, 1020
139.75, 65, 1064
101.5, 65, 1112
146.25, 65, 1154
4598, 65, 1188
369.75, 65, 1268
60.75, 65, 1286
76.5, 65, 1326
440.75, 65, 1392
65, 65, 1414
1653.75, 65, 1502
21.5, 65, 1582
405, 65, 1638
159.5, 65, 1752
82.5, 65, 1862
20, 65, 1970
301, 65, 2000
19702.5, 66, 66
1443, 66, 314
1665, 66, 932
2664, 66, 1352
315, 67, 36
287.5, 67, 314
76, 67, 342
64, 67, 936
131.25, 67, 942
243.75, 67, 1196
49, 67, 1246
318.75, 67, 1516
275, 67, 1536
42, 67, 1566
84, 67, 1628
12.5, 67, 1698
343, 67, 1822
25, 67, 1958
994.5, 68, 16
276.25, 68, 44
15414.75, 68, 68
155, 68, 256
160, 68, 994
607.75, 68, 1302
100, 68, 1838
2310, 69, 138
472.5, 69, 176
153, 69, 224
160, 69, 304
33.25, 69, 974
612, 69, 1410
40, 69, 1424
2926, 69, 1442
385, 69, 1478
693, 69, 1702
2695, 69, 1752
76.5, 69, 1808
119, 69, 1824
136, 69, 1940
229.5, 69, 2016
33208.5, 70, 70
18, 70, 272
4309.5, 70, 436
282, 70, 462
47.5, 70, 498
135.25, 70, 794
40, 70, 894
3.75, 70, 940
84, 70, 960
552.25, 70, 1022
65.25, 70, 1070
1010.25, 70, 1272
329, 70, 1634
40.5, 70, 1642
2254, 70, 1744
67.5, 70, 1858
2873, 70, 1862
2535, 70, 1944
2197, 70, 2006
57, 71, 0
58, 71, 114
333.5, 71, 130
304, 71, 288
1064.25, 71, 290
52.25, 71, 320
166.75, 71, 420
275.5, 71, 448
272, 71, 564
17.5, 71, 760
152, 71, 826
152, 71, 908
33, 71, 968
28.75, 71, 1124
133, 71, 1180
332.5, 71, 1208
17.5, 71, 1428
209, 71, 1596
32.5, 71, 1598
3002, 71, 1678
3743, 71, 1694
161.5, 71, 1718
275.5, 71, 1720
1890, 71, 1768
427.5, 71, 1784
2919.75, 72, 6
16920.75, 72, 72
181.25, 72, 82
76, 72, 350
36.25, 72, 376
355.25, 72, 446
76, 72, 744
12, 72, 1070
5, 72, 1472
888, 72, 1548
50.75, 72, 1760
43.5, 72, 1796
3256.5, 73, 78
317.25, 73, 102
54, 73, 130
360, 73, 138
310.5, 73, 140
81, 73, 366
100, 73, 516
168.75, 73, 662
497.25, 73, 886
1644.5, 73, 898
295.75, 73, 1304
24, 73, 1336
1876, 73, 1400
76, 73, 1408
159.25, 73, 1426
456, 73, 1442
60, 73, 1478
160, 73, 1572
2234.25, 73, 1582
200, 73, 1614
108, 73, 1702
420, 73, 1752
128, 73, 1778
120, 73, 1786
68.25, 73, 1854
36, 73, 1884
113.75, 73, 1968
18496, 74, 74
225.5, 74, 546
470, 74, 1506
2384.25, 74, 1620
1589.5, 74, 1708
3219.5, 74, 1762
4048, 75, 32
2341.75, 75, 82
483.75, 75, 86
356.5, 75, 140
459, 75, 162
36.25, 75, 202
195, 75, 216
65.25, 75, 242
797, 75, 384
18, 75, 526
365.5, 75, 540
4171, 75, 552
36.25, 75, 580
473, 75, 726
253, 75, 860
414, 75, 1026
6.5, 75, 1042
322.5, 75, 1244
181.25, 75, 1362
99, 75, 1376
354.75, 75, 1506
171, 75, 1678
172.5, 75, 1794
204.25, 75, 1806
351, 75, 1860
22295, 76, 76
231, 76, 218
1837.5, 76, 750
77, 76, 966
2878.75, 76, 1170
297, 76, 1316
122.5, 76, 1546
240, 77, 62
62, 77, 114
356.5, 77, 130
4362.5, 77, 186
178.25, 77, 420
1774.5, 77, 462
245, 77, 670
37.5, 77, 918
4030.25, 77, 1028
159.25, 77, 1136
149.5, 77, 1170
216, 77, 1202
214.5, 77, 1420
85, 77, 1464
85.75, 77, 1608
75, 77, 1742
2896, 77, 1772
16, 77, 1824
408, 77, 1896
32064, 78, 78
24.5, 78, 106
376, 78, 388
14, 78, 412
3078.5, 78, 528
140, 78, 688
55, 78, 860
4896, 78, 886
575.75, 78, 906
36.75, 78, 916
586.5, 78, 1004
54.25, 78, 1230
4715, 78, 1728
672, 78, 1854
1610, 78, 1862
31.5, 79, 1030
8.25, 79, 1766
30, 79, 1884
33853, 80, 80
176, 80, 104
4753, 80, 278
67.5, 80, 398
2423.75, 80, 430
66, 80, 636
427.5, 80, 724
3825, 80, 728
551.25, 80, 820
110, 80, 858
315, 80, 1226
1552, 80, 1556
2371.25, 81, 296
1761.5, 81, 366
1626, 81, 504
948.5, 81, 662
2913.25, 81, 770
195.25, 81, 1046
2777.75, 81, 1060
47.5, 81, 1364
76.5, 81, 1380
168, 81, 1478
119, 81, 1776
420.75, 81, 1950
37710.25, 82, 82
4499.75, 82, 110
127.5, 82, 150
583.75, 82, 202
1050.75, 82, 242
133.25, 82, 246
459, 82, 276
1140, 82, 570
583.75, 82, 580
36, 82, 846
4335, 82, 874
492, 82, 884
276.75, 82, 946
396, 82, 1060
612, 82, 1110
127.5, 82, 1196
358.75, 82, 1290
276.75, 82, 1328
492, 82, 1340
2918.75, 82, 1362
116, 82, 1410
146.25, 82, 1526
204, 82, 1568
4512, 82, 1590
1023.75, 82, 1608
297.25, 82, 1650
229.5, 82, 1670
3680, 82, 1942
63.75, 83, 260
8.5, 83, 644
51, 83, 1064
1517.25, 83, 1138
2640, 83, 1188
93.5, 83, 1402
144.5, 83, 1754
149.5, 83, 2002
92.5, 84, 26
28864, 84, 84
4510, 84, 104
181.5, 84, 190
56, 84, 240
3749, 84, 326
247, 84, 474
376.25, 84, 552
88, 84, 634
253.75, 84, 684
2294.5, 84, 698
280, 84, 758
1012, 84, 774
10, 84, 840
32.5, 84, 874
932.5, 84, 964
471.5, 84, 1284
227.5, 84, 1390
258.5, 84, 1566
230, 84, 1654
636, 84, 1658
122.5, 84, 1746
15, 84, 1764
96.25, 84, 1816
152, 84, 1876
311.75, 84, 1906
385, 84, 1930
299, 84, 1968
128.25, 85, 118
2706.75, 85, 144
95, 85, 158
84, 85, 266
36.75, 85, 380
143.75, 85, 440
134.75, 85, 446
50, 85, 534
3339.25, 85, 574
7, 85, 598
195.75, 85, 726
45, 85, 758
1795, 85, 794
44, 85, 858
180.5, 85, 914
155, 85, 942
355.25, 85, 980
4348.75, 85, 992
225, 85, 1012
32, 85, 1028
131.25, 85, 1150
465.5, 85, 1180
2797.75, 85, 1232
58, 85, 1248
62, 85, 1250
10, 85, 1338
22.5, 85, 1350
276.75, 85, 1402
551.25, 85, 1462
4512.5, 85, 1788
110, 85, 1988
27843.75, 86, 86
375, 86, 166
143.5, 86, 190
90, 86, 510
154, 86, 626
5637.5, 86, 632
150, 86, 652
1875, 86, 824
843.75, 86, 990
587.5, 86, 1106
1414.5, 86, 1150
390, 86, 1154
7, 86, 1306
262.5, 86, 1318
58.75, 86, 1494
4410, 86, 1502
140, 86, 1622
31.5, 86, 1796
123, 87, 26
365.5, 87, 54
36, 87, 98
110.5, 87, 306
15, 87, 584
1507, 87, 1198
204, 87, 1308
374, 87, 1512
3740, 87, 1878
382.5, 87, 1952
1320, 88, 20
29280, 88, 88
63, 88, 308
59.5, 88, 490
2520, 88, 594
360, 88, 622
1440, 88, 848
829.5, 88, 888
15.75, 88, 914
2700, 88, 922
2700, 88, 966
1380, 88, 1308
70, 88, 1408
192, 88, 1558
15.75, 88, 1956
176, 88, 1968
4162.5, 89, 260
214.5, 89, 394
184.5, 89, 398
1287, 89, 432
390, 89, 516
59.5, 89, 550
3546.5, 89, 568
152.75, 89, 604
551.25, 89, 644
293.75, 89, 810
2593.5, 89, 896
256.25, 89, 982
185.25, 89, 1240
33.75, 89, 1344
194.75, 89, 1494
44, 89, 1516
35.25, 89, 1648
18377.25, 90, 90
114, 90, 232
2461.75, 90, 636
38, 90, 718
228, 90, 1108
400.75, 90, 1388
2014, 90, 1542
132, 91, 232
133, 91, 270
1147.5, 91, 316
44, 91, 374
3130, 91, 376
16, 91, 380
30, 91, 402
178.5, 91, 444
87.5, 91, 554
84, 91, 558
84, 91, 620
73.5, 91, 756
112.5, 91, 810
157.5, 91, 820
688, 91, 1006
108.75, 91, 1336
2572.5, 91, 1584
1444, 91, 1908
2425.75, 91, 1922
12264, 92, 92
1259.25, 92, 498
9, 92, 1414
27, 92, 1776
1611, 92, 1990
33.25, 93, 206
135, 93, 216
1968.5, 93, 220
1200, 93, 586
1714.5, 93, 646
1143, 93, 1100
64, 93, 1260
81, 93, 1278
2286, 93, 1496
58.5, 93, 1530
144, 93, 1854
2038.5, 93, 1872
2687.5, 94, 4
2355.75, 94, 48
47730, 94, 94
510, 94, 108
282, 94, 146
112.5, 94, 214
27, 94, 222
240, 94, 292
370, 94, 432
270, 94, 640
376, 94, 808
510, 94, 906
2580, 94, 1012
282, 94, 1058
5399.5, 94, 1120
80, 94, 1192
40.5, 94, 1348
322.5, 94, 1402
3626, 94, 1480
551.25, 94, 1594
458.25, 94, 1666
4300, 94, 1708
350, 94, 1848
1505, 94, 1928
395.25, 95, 20
74.75, 95, 100
364.25, 95, 152
327, 95, 204
23.25, 95, 338
161.5, 95, 372
38.75, 95, 450
817.5, 95, 488
271.25, 95, 838
31, 95, 840
2861.25, 95, 862
165, 95, 918
106.25, 95, 1114
5, 95, 1186
735.75, 95, 1286
374, 95, 1464
3789.75, 95, 1470
29.75, 95, 1578
330, 95, 1742
302.25, 95, 1790
51, 95, 1938
16719.5, 96, 96
595, 96, 300
476, 96, 660
249.75, 96, 988
277.5, 96, 1214
238, 96, 1456
138.75, 96, 1832
301, 97, 72
132.25, 97, 298
2613, 97, 328
270.25, 97, 340
3136, 97, 822
268, 97, 970
86.25, 97, 1122
252, 97, 1308
2680, 97, 1430
3082, 97, 1486
154, 97, 1492
120, 97, 1970
51.75, 97, 1978
16683, 98, 98
2739, 98, 810
1431.75, 98, 1460
98, 99, 146
1787.5, 99, 156
1680, 99, 494
1920, 99, 738
105, 99, 770
2640, 99, 956
1480.5, 99, 1042
178.5, 99, 1182
150.5, 99, 1396
3000, 99, 1402
1200, 99, 1612
3524.25, 100, 42
42100.5, 100, 100
351.5, 100, 134
55.5, 100, 206
1768, 100, 232
242, 100, 366
1878.5, 100, 394
582.75, 100, 536
104, 100, 796
5193.5, 100, 806
3003, 100, 848
207, 100, 890
108, 100, 1068
209, 100, 1208
264, 100, 1312
884, 100, 1436
169, 100, 1448
212.5, 100, 1466
4199, 100, 1578
312, 100, 1598
3000, 100, 1622
161.5, 100, 1632
1326, 100, 1636
66, 100, 1780
396, 100, 1916
8.75, 101, 128
11.25, 101, 262
36.75, 101, 296
6.75, 101, 446
22.5, 101, 494
1.5, 101, 556
294.75, 101, 564
28, 101, 566
12.25, 101, 816
2750, 101, 860
492.75, 101, 940
2310, 101, 1098
1045, 101, 1426
27.75, 101, 1574
9.75, 101, 1714
1540, 101, 1716
1815, 101, 1734
18, 101, 1776
24762.75, 102, 102
421.75, 102, 314
217.5, 102, 588
14.5, 102, 648
120.5, 102, 704
723, 102, 960
482, 102, 1254
885.5, 102, 1348
2711.25, 102, 1678
27.5, 102, 1876
108.75, 102, 1972
379.5, 103, 0
1668.75, 103, 44
1633.5, 103, 86
206.25, 103, 114
2486, 103, 348
81, 103, 374
732, 103, 458
4230, 103, 652
160, 103, 696
270.25, 103, 718
587.5, 103, 812
110, 103, 824
198, 103, 858
340.75, 103, 958
49.5, 103, 990
5092.5, 103, 992
208, 103, 1074
1940, 103, 1118
542.25, 103, 1142
3516.25, 103, 1186
4850, 103, 1274
209, 103, 1280
2425, 103, 1374
246.75, 103, 1410
24, 103, 1500
387.75, 103, 1624
55, 103, 1672
848.75, 103, 1682
49.5, 103, 1728
225.5, 103, 1902
2304, 103, 2014
3172.75, 104, 90
26239.5, 104, 104
2915.5, 104, 264
5954.25, 104, 282
71.5, 104, 292
204, 104, 366
484.5, 104, 494
217.5, 104, 626
360, 104, 634
33, 104, 728
204, 104, 1146
120, 104, 1230
2437.5, 104, 1384
76, 104, 1516
112.75, 104, 1546
650.25, 104, 1694
357, 104, 1772
267.75, 104, 1864
93, 104, 1896
2317.25, 105, 34
212.75, 105, 160
2062.5, 105, 370
40.5, 105, 390
212.75, 105, 610
178.25, 105, 1062
161, 105, 1348
406.5, 105, 1358
16.5, 105, 1412
756.25, 105, 1584
189.75, 105, 1618
5, 105, 1876
28.75, 105, 1906
1134, 106, 64
31004, 106, 106
239.25, 106, 116
138, 106, 180
382.5, 106, 204
3324.75, 106, 212
23, 106, 236
2208, 106, 342
80, 106, 390
31.25, 106, 516
34.5, 106, 696
32, 106, 732
38, 106, 808
172, 106, 836
18, 106, 842
132, 106, 856
10, 106, 1006
36, 106, 1044
2970, 106, 1072
19.5, 106, 1190
7.5, 106, 1336
95, 106, 1338
586.25, 106, 1400
23.75, 106, 1408
50, 106, 1572
234, 106, 1606
62.5, 106, 1614
88, 106, 1626
63, 106, 1644
371.25, 106, 1674
40, 106, 1778
37.5, 106, 1786
184, 106, 1856
48, 106, 1858
404.25, 106, 1866
11.25, 106, 1884
76.5, 106, 1910
17.5, 106, 1922
68.25, 107, 94
60, 107, 194
178.5, 107, 204
321.75, 107, 222
198, 107, 232
161.25, 107, 322
4, 107, 324
408.5, 107, 362
382.5, 107, 394
632, 107, 412
1134.25, 107, 416
38, 107, 686
785.25, 107, 722
60, 107, 816
42, 107, 834
204, 107, 852
17, 107, 872
255, 107, 902
483.75, 107, 914
4837.5, 107, 970
3228.25, 107, 1206
3402.75, 107, 1320
186, 107, 1322
314.5, 107, 1414
68, 107, 1430
150, 107, 1654
3627, 107, 1750
261.75, 107, 1822
60, 107, 1860
94.25, 108, 2
949, 108, 56
24637, 108, 108
71.75, 108, 186
102, 108, 310
607.25, 108, 352
3464.5, 108, 552
99, 108, 646
9.75, 108, 752
275, 108, 856
33, 108, 916
225.5, 108, 928
38.25, 108, 1064
433.5, 108, 1070
369, 108, 1124
95, 108, 1374
110, 108, 1704
331.5, 108, 1714
92.25, 108, 1718
153, 108, 1932
322, 109, 16
332.5, 109, 144
428.75, 109, 146
99, 109, 210
22.5, 109, 226
3.5, 109, 234
174, 109, 280
2120.25, 109, 386
80.5, 109, 452
2537.5, 109, 618
4013.5, 109, 690
149.5, 109, 820
2583, 109, 838
123.25, 109, 872
3653.75, 109, 878
13.5, 109, 944
224.75, 109, 998
78, 109, 1036
13, 109, 1042
271.25, 109, 1046
35.75, 109, 1086
2863.75, 109, 1116
103.5, 109, 1266
195.5, 109, 1320
108, 109, 1368
2962.5, 109, 1386
138, 109, 1416
241.5, 109, 1418
271.25, 109, 1512
32.5, 109, 1538
1033.5, 109, 1636
42.5, 110, 88
34022.5, 110, 110
187, 110, 134
3396, 110, 180
204, 110, 208
144, 110, 724
120, 110, 726
3720, 110, 884
2092.5, 110, 946
2712.5, 110, 1290
144.5, 110, 1292
2092.5, 110, 1328
3720, 110, 1340
2247.5, 110, 1650
4029, 110, 1700
25.5, 110, 1782
1771, 111, 6
187.5, 111, 40
380, 111, 236
390, 111, 238
224.75, 111, 274
759, 111, 344
561, 111, 404
195.75, 111, 494
5060, 111, 724
297, 111, 780
187.5, 111, 782
143, 111, 876
392, 111, 980
196, 111, 1094
429, 111, 1188
1288, 111, 1328
50, 111, 1412
2622, 111, 1436
55, 111, 1442
72, 111, 1486
420, 111, 1508
264, 111, 1586
5439.5, 111, 1588
164, 111, 1638
159.5, 111, 1708
15.75, 111, 1760
4933.5, 111, 1764
198, 111, 1872
5060, 111, 1946
385, 111, 2008
4983, 112, 2
308, 112, 16
358.75, 112, 96
31030.5, 112, 112
24.5, 112, 206
370, 112, 268
3060, 112, 396
65.25, 112, 402
77, 112, 452
453, 112, 688
3839, 112, 690
133.25, 112, 1042
87, 112, 1046
60, 112, 1174
99, 112, 1266
187, 112, 1320
24.5, 112, 1378
132, 112, 1416
231, 112, 1418
3062.5, 112, 1442
120, 112, 1500
2117.5, 112, 1562
58, 112, 1618
220.5, 112, 2014
117.5, 113, 8
137.75, 113, 46
150, 113, 188
156, 113, 244
55, 113, 262
80, 113, 276
540, 113, 278
1164, 113, 396
47.5, 113, 436
68.75, 113, 454
96, 113, 468
80, 113, 556
397.75, 113, 574
312, 113, 724
3264, 113, 784
50, 113, 788
369.75, 113, 828
90, 113, 886
115.75, 113, 914
112.5, 113, 928
369.75, 113, 1034
217.5, 113, 1066
296, 113, 1148
195.75, 113, 1196
333.25, 113, 1232
156, 113, 1240
369.75, 113, 1272
2287.5, 113, 1366
264, 113, 1430
20, 113, 1472
537.5, 113, 1788
1212.5, 113, 1812
31.25, 113, 1946
573.75, 114, 16
44560.5, 114, 114
6209.25, 114, 272
99, 114, 382
125, 114, 388
135, 114, 410
1582.75, 114, 518
37.5, 114, 526
600, 114, 534
33.75, 114, 540
537.5, 114, 542
225, 114, 578
846, 114, 638
15, 114, 644
116.25, 114, 712
324, 114, 794
100, 114, 796
4500, 114, 836
2887.5, 114, 848
150, 114, 890
101.25, 114, 906
138.75, 114, 936
290, 114, 958
1661.25, 114, 1056
52.5, 114, 1126
588, 114, 1158
5712, 114, 1336
110.25, 114, 1378
162.5, 114, 1448
730.5, 114, 1506
300, 114, 1598
396, 114, 1616
83.25, 114, 1712
90, 114, 1740
87.5, 114, 1746
450, 114, 1822
1645.75, 114, 1856
258.75, 114, 1860
480, 114, 1890
315, 114, 1944
2293.75, 114, 1972
35, 115, 14
107.25, 115, 96
1281, 115, 338
38.5, 115, 446
56, 115, 558
2820, 115, 734
117, 115, 838
1144, 115, 922
7, 115, 1122
42, 115, 1194
1631.5, 115, 1208
33, 115, 1650
330, 115, 1666
2464, 115, 1710
38.5, 115, 1756
133, 115, 1770
206.25, 115, 1828
29737.5, 116, 116
5.5, 116, 144
190, 116, 324
85.5, 116, 326
235.75, 116, 424
1072.5, 116, 554
1452, 116, 602
71.75, 116, 608
99, 116, 650
225.5, 116, 678
121, 116, 724
147.25, 116, 836
23.5, 116, 890
164, 116, 966
8.5, 116, 1042
35.75, 116, 1064
2340, 116, 1118
4, 116, 1322
292.5, 116, 1332
112.75, 116, 1392
822.25, 116, 1454
5.5, 116, 1582
1012.5, 116, 1606
2398.5, 116, 1642
170, 116, 1686
8, 116, 1734
180, 116, 1804
77, 116, 2000
786.5, 117, 16
246.5, 117, 94
2788.5, 117, 508
153, 117, 618
76.5, 117, 728
561, 117, 806
214.5, 117, 1132
3187.5, 117, 1240
484.5, 117, 1262
331.5, 117, 1280
178.5, 117, 1486
286, 117, 1496
42.5, 117, 1840
425, 117, 1916
42880.75, 118, 118
142.5, 118, 126
333, 118, 268
2754, 118, 396
154, 118, 494
470, 118, 508
160, 118, 532
326.25, 118, 584
3898.25, 118, 614
311.75, 118, 618
3914, 118, 736
176, 118, 738
16, 118, 868
256, 118, 890
30, 118, 920
242, 118, 956
285, 118, 992
294.5, 118, 1106
261, 118, 1126
64, 118, 1140
266, 118, 1168
54, 118, 1174
275, 118, 1402
320, 118, 1468
108, 118, 1500
253.75, 118, 1512
72.5, 118, 1516
66, 118, 1524
3172.75, 118, 1584
110, 118, 1612
120, 118, 1718
166.75, 118, 1722
282, 118, 1738
470, 118, 1766
130.5, 118, 1770
368, 118, 1778
310, 118, 1784
2892.25, 118, 1894
222, 118, 1904
43.5, 118, 1932
1625, 119, 560
3540.25, 119, 694
2687.5, 119, 1022
312.5, 119, 1576
1562.5, 119, 1864
490, 119, 1888
187.5, 119, 1960
3060, 120, 2
30727.5, 120, 120
187.5, 120, 410
153, 120, 636
1785, 120, 688
1657.5, 120, 746
255, 120, 1006
510, 120, 1182
2103.75, 120, 1310
2677.5, 120, 1422
510, 120, 1510
3187.5, 120, 1614
522.75, 120, 1834
9.75, 120, 1840
214.5, 121, 146
72, 121, 216
182, 121, 306
299, 121, 318
4100.75, 121, 322
2178, 121, 426
50.75, 121, 428
166.25, 121, 438
2562, 121, 462
246.75, 121, 588
470, 121, 638
73.5, 121, 780
65.25, 121, 960
116, 121, 976
17.25, 121, 1016
5017.25, 121, 1022
117.5, 121, 1108
318.5, 121, 1148
2001, 121, 1214
211.5, 121, 1292
9.5, 121, 1716
123.5, 121, 1720
317.25, 121, 1758
92, 121, 1784
68.25, 121, 1942
299, 122, 112
27768, 122, 122
39, 122, 260
182, 122, 300
1401.75, 122, 544
110.5, 122, 622
100, 122, 734
65, 122, 1004
150, 122, 1170
70, 122, 1192
1201.5, 122, 1468
117, 122, 1586
667.5, 122, 1614
162.5, 122, 1930
267, 122, 1960
927, 123, 52
91, 123, 174
46.5, 123, 220
116.5, 123, 272
166.25, 123, 278
246, 123, 408
175.5, 123, 618
2502.5, 123, 642
331.5, 123, 810
2408.75, 123, 856
182, 123, 918
318.5, 123, 954
2678, 123, 1028
2827.5, 123, 1030
1355.5, 123, 1116
110.5, 123, 1126
253.75, 123, 1180
310, 123, 1198
102, 123, 1228
1545, 123, 1436
78.75, 123, 1640
4223, 123, 1688
286, 123, 1724
1219.75, 123, 1726
70, 123, 1776
4223, 123, 1824
221, 123, 1868
4, 124, 28
35889.75, 124, 124
47, 124, 398
1568, 124, 466
408, 124, 508
82.25, 124, 732
49, 124, 966
160, 124, 1022
2125, 124, 1300
3.5, 124, 1458
3948.75, 124, 1574
29, 124, 1654
35, 124, 1716
1491.75, 124, 1848
43, 124, 1866
115, 124, 1926
2921.25, 125, 82
540.5, 125, 538
2850, 125, 928
157.25, 125, 1786
268.25, 125, 1806
264.5, 126, 94
20, 126, 106
33303.75, 126, 126
2648.25, 126, 178
120, 126, 192
5100, 126, 222
102, 126, 254
80, 126, 288
155.25, 126, 414
2278, 126, 658
112.5, 126, 814
2443.75, 126, 832
85, 126, 898
48.75, 126, 1088
2969.25, 126, 1150
6.25, 126, 1490
3370.5, 126, 1554
45, 126, 1698
287.5, 126, 1776
1335, 126, 2006
420, 127, 202
253, 127, 290
149.5, 127, 332
236.25, 127, 362
1512, 127, 398
183.75, 127, 432
173.25, 127, 440
7, 127, 728
3080, 127, 814
242, 127, 824
471.5, 127, 890
175, 127, 916
99, 127, 1108
5500, 127, 1140
47.25, 127, 1580
2461, 127, 1716
32916, 128, 128
2886, 128, 168
210, 128, 204
91, 128, 266
70, 128, 388
77, 128, 598
428.75, 128, 724
1736, 128, 1002
45.5, 128, 1062
110, 128, 1338
247.5, 128, 1350
3360, 128, 1476
2184, 128, 1480
210, 128, 1820
1696.5, 128, 1914
5158.25, 129, 102
5048.5, 129, 140
1317, 129, 366
462.5, 129, 382
87.5, 129, 384
624.75, 129, 540
40.5, 129, 556
455, 129, 660
2743.75, 129, 662
573.75, 129, 668
141, 129, 732
1938, 129, 878
15.75, 129, 982
286.75, 129, 1070
229.5, 129, 1306
471.75, 129, 1440
1425, 129, 1456
6, 129, 1458
78.75, 129, 1494
30, 129, 1516
204, 129, 1586
318.75, 129, 1732
81, 129, 1766
444, 129, 1850
38.25, 129, 1980
3437.5, 130, 26
33137.5, 130, 130
3136.5, 130, 316
318.75, 130, 368
4, 130, 378
82, 130, 402
3231.25, 130, 470
42, 130, 624
38, 130, 898
100, 130, 934
762, 130, 1204
131.25, 130, 1658
44, 130, 1808
2500, 130, 1940
437.5, 131, 166
4439.75, 131, 318
129, 131, 532
85.75, 131, 1076
941.25, 131, 1096
753, 131, 1184
2321.75, 131, 1402
1631.5, 131, 1668
2933, 132, 10
360.75, 132, 22
232, 132, 46
57.75, 132, 86
189.75, 132, 112
41271.5, 132, 132
140, 132, 174
3.5, 132, 176
428.75, 132, 222
174, 132, 234
140, 132, 272
1361.75, 132, 422
21, 132, 510
3850, 132, 642
1971, 132, 732
58, 132, 734
510, 132, 810
66, 132, 822
733.25, 132, 832
2739, 132, 976
211.5, 132, 1034
3352, 132, 1086
181.25, 132, 1106
170, 132, 1126
131.25, 132, 1148
147.25, 132, 1280
140.25, 132, 1282
1102, 132, 1296
1885.5, 132, 1312
50.75, 132, 1406
185, 132, 1476
68.25, 132, 1492
13.5, 132, 1566
4294.75, 132, 1608
523.75, 132, 1626
103.5, 132, 1770
123.25, 132, 1840
27, 132, 1850
340, 132, 1868
165, 132, 1882
330, 133, 178
1638, 133, 264
2525.25, 133, 406
367.5, 133, 578
3276, 133, 632
189, 133, 646
204.75, 133, 688
525, 133, 856
1842.75, 133, 908
63, 133, 916
292.5, 133, 924
430.5, 133, 928
2934.75, 133, 1186
375, 133, 1610
210, 133, 1704
25011, 134, 134
36.75, 134, 206
258.75, 134, 240
63.75, 134, 356
97.75, 134, 458
293.25, 134, 604
1444.5, 134, 704
161, 134, 886
362.5, 134, 896
42, 134, 960
23, 134, 1204
1505, 134, 1206
149.5, 134, 1210
199.75, 134, 1326
171.5, 134, 1362
38.25, 134, 1366
114.75, 134, 1538
55.25, 134, 1558
164.5, 134, 1634
1127, 134, 1744
207, 134, 1816
119, 134, 1972
76.5, 135, 194
69, 135, 272
505.25, 135, 284
505.25, 135, 286
387.75, 135, 572
40.5, 135, 672
211.5, 135, 806
63, 135, 874
428.75, 135, 920
276, 135, 1228
612, 135, 1444
943.25, 135, 1524
3363.5, 135, 1726
4030.25, 135, 1738
3172.75, 135, 1904
30, 136, 30
48180, 136, 136
63, 136, 168
418, 136, 226
66, 136, 266
3080, 136, 272
4263, 136, 330
378, 136, 364
4840, 136, 390
199.5, 136, 392
17.5, 136, 558
253, 136, 648
441, 136, 728
187, 136, 804
2322, 136, 810
5500, 136, 894
2975, 136, 968
317.25, 136, 1046
30, 136, 1142
466.5, 136, 1364
216, 136, 1460
199.5, 136, 1582
2200, 136, 1720
1762.5, 136, 1740
2310, 136, 1864
143, 136, 1946
13.75, 137, 22
476.25, 137, 100
8, 137, 130
419.25, 137, 186
20, 137, 232
185, 137, 260
126.75, 137, 332
21.25, 137, 394
4629.5, 137, 406
2364, 137, 522
214.5, 137, 614
24.5, 137, 644
526.75, 137, 666
13.5, 137, 756
58.75, 137, 806
195, 137, 822
18, 137, 878
232.75, 137, 926
21.25, 137, 1048
2437.5, 137, 1052
448.5, 137, 1122
1.5, 137, 1180
5978, 137, 1200
404.25, 137, 1240
224.25, 137, 1336
1.5, 137, 1344
1871.5, 137, 1434
10, 137, 1436
2739.75, 137, 1482
47.5, 137, 1578
331, 137, 1582
117, 137, 1606
15, 137, 1636
20, 137, 1762
3022.5, 137, 1782
539, 137, 1842
22.5, 137, 1876
29.25, 137, 1966
2561, 137, 2008
17212, 138, 138
21, 138, 384
12.25, 138, 482
624, 138, 536
416, 138, 1428
832, 138, 1568
312, 138, 1874
624, 138, 1956
367.5, 139, 4
2236.75, 139, 18
348.75, 139, 86
47.25, 139, 114
2.5, 139, 130
94.5, 139, 174
105, 139, 198
7.5, 139, 250
17.25, 139, 348
168, 139, 378
155, 139, 384
18.75, 139, 444
220.5, 139, 468
10, 139, 488
263.5, 139, 540
1392, 139, 672
341, 139, 726
22.5, 139, 784
540, 139, 826
207, 139, 838
294, 139, 918
1470, 139, 994
138, 139, 1024
376.25, 139, 1178
232.5, 139, 1244
36.25, 139, 1272
207, 139, 1284
325.5, 139, 1352
188, 139, 1380
998.25, 139, 1506
84, 139, 1516
90, 139, 1562
84, 139, 1574
8.75, 139, 1696
38.25, 139, 1736
147.25, 139, 1806
189, 139, 1836
344.25, 140, 108
30595, 140, 140
458.25, 140, 150
256.5, 140, 264
162, 140, 292
297, 140, 298
249.75, 140, 432
1793.5, 140, 540
63, 140, 546
182.25, 140, 640
84, 140, 706
2867, 140, 708
344.25, 140, 906
40.5, 140, 942
293.75, 140, 952
3376, 140, 1090
33.75, 140, 1140
54, 140, 1192
47, 140, 1196
387.75, 140, 1228
310.5, 140, 1320
141.75, 140, 1606
399.5, 140, 1784
21, 140, 1794
236.25, 140, 1848
4653, 140, 1980
105.75, 140, 2012
26, 141, 106
156, 141, 192
104, 141, 288
462.5, 141, 326
2153.25, 141, 674
146.25, 141, 814
110.5, 141, 898
333.5, 141, 958
148.5, 141, 1016
231.25, 141, 1608
58.5, 141, 1698
185, 141, 1850
3986.75, 141, 1868
1735.5, 141, 2006
120.25, 141, 2018
38626, 142, 142
348.5, 142, 234
98, 142, 266
246, 142, 600
2759, 142, 678
71.75, 142, 710
30, 142, 714
256.25, 142, 840
38, 142, 892
410, 142, 944
102, 142, 1076
1018.5, 142, 1092
904, 142, 1136
1958, 142, 1174
61.5, 142, 1282
3515.75, 142, 1362
96, 142, 1412
276.75, 142, 1484
2346, 142, 1746
55, 142, 1946
4094, 142, 1988
307.5, 143, 12
164, 143, 74
3622.5, 143, 134
341.25, 143, 296
253.5, 143, 366
234, 143, 504
136.5, 143, 662
71.75, 143, 676
2334.5, 143, 690
419.25, 143, 770
2254, 143, 780
246, 143, 1036
41, 143, 1042
399.75, 143, 1060
112.75, 143, 1086
3577.25, 143, 1174
30.75, 143, 1320
2173.5, 143, 1404
102.5, 143, 1538
3259.5, 143, 1636
492, 143, 1764
1690.5, 143, 1878
1382.25, 144, 118
29172.75, 144, 144
41, 144, 202
190, 144, 268
160, 144, 598
50.75, 144, 700
2109.75, 144, 726
145, 144, 758
145, 144, 916
502.25, 144, 1022
317.75, 144, 1254
100, 144, 1256
3690, 144, 1380
2982.75, 144, 1402
250, 144, 1962
361.5, 145, 14
33.75, 145, 32
7.5, 145, 58
11, 145, 104
78.75, 145, 132
10.5, 145, 344
3085.5, 145, 366
114.75, 145, 374
1270.5, 145, 452
1037, 145, 458
225, 145, 578
6, 145, 1086
90, 145, 1096
45, 145, 1140
72, 145, 1184
15, 145, 1228
15.5, 145, 1388
222, 145, 1402
3811.5, 145, 1406
34, 145, 1500
45, 145, 1514
112.5, 145, 1554
281.25, 145, 1610
156, 145, 1668
551.25, 145, 1680
7.5, 145, 1710
18, 145, 1834
48.75, 145, 1842
9, 145, 1850
87.75, 146, 122
40330.25, 146, 146
60, 146, 208
225, 146, 218
26, 146, 342
1023.75, 146, 506
256.5, 146, 522
71.5, 146, 546
4113.5, 146, 614
3884.5, 146, 672
5027, 146, 694
13.5, 146, 934
108, 146, 1000
484.5, 146, 1034
286, 146, 1082
4455.75, 146, 1086
433.5, 146, 1206
65, 146, 1234
332.5, 146, 1332
144, 146, 1394
674, 146, 1402
37.5, 146, 1472
70, 146, 1488
1824, 146, 1568
399, 146, 1576
45, 146, 1604
61.75, 146, 1622
3582.75, 146, 1664
84.5, 146, 1830
266, 146, 1858
195, 146, 1890
290, 147, 56
191.5, 147, 214
25.5, 147, 292
90, 147, 314
36, 147, 328
4331.25, 147, 330
506, 147, 344
80.5, 147, 746
1251.25, 147, 768
22, 147, 836
2695, 147, 842
43, 147, 848
44, 147, 852
2, 147, 878
38, 147, 886
356.5, 147, 1016
9, 147, 1148
341, 147, 1472
5, 147, 1536
303.75, 147, 1572
4235, 147, 1608
420, 147, 1710
240, 147, 1736
450, 147, 1738
4025, 147, 1800
18, 147, 1830
260, 147, 1848
120, 147, 1854
2695, 147, 1882
180, 147, 1962
2565, 147, 1988
30, 147, 2006
346.5, 148, 98
19057.5, 148, 148
1905.75, 148, 462
519.75, 148, 512
127.5, 148, 728
808.5, 148, 1326
2714.25, 148, 1330
404.25, 148, 1426
462, 149, 48
238, 149, 50
75.25, 149, 284
75.25, 149, 286
315, 149, 414
292.5, 149, 424
815.5, 149, 440
2940, 149, 464
15, 149, 490
156, 149, 498
157.5, 149, 558
57.75, 149, 572
3611.5, 149, 610
91, 149, 630
48, 149, 728
4708.5, 149, 732
305.5, 149, 772
14, 149, 778
31.5, 149, 806
96, 149, 930
231, 149, 954
505.25, 149, 1034
252, 149, 1086
2959, 149, 1126
84, 149, 1192
306, 149, 1248
322.5, 149, 1250
36, 149, 1286
142.5, 149, 1460
32.25, 149, 1566
162, 149, 1666
247.25, 149, 1770
64.5, 149, 1850
217, 149, 1884
2604, 149, 1958
133, 149, 2014
1079.5, 150, 54
14224, 150, 150
76.5, 150, 258
15, 150, 484
140.5, 150, 812
381, 150, 1662
3557.25, 150, 1796
433.5, 150, 1994
279, 151, 74
1629, 151, 84
170.5, 151, 176
69.75, 151, 220
94.25, 151, 244
54.25, 151, 280
3107.75, 151, 378
225.75, 151, 430
2573, 151, 472
27, 151, 582
31, 151, 684
1972, 151, 702
348.75, 151, 780
131.75, 151, 1662
78.75, 151, 1760
50.75, 152, 106
26754, 152, 152
35, 152, 182
2744, 152, 212
288, 152, 350
29, 152, 412
244.25, 152, 636
1715, 152, 646
290, 152, 688
3240, 152, 706
81, 152, 790
98, 152, 838
38.5, 152, 1040
61.25, 152, 1112
257.25, 152, 1130
120, 152, 1182
24.5, 152, 1198
207, 152, 1222
90, 152, 1230
658, 152, 1318
120, 152, 1510
24.5, 152, 1532
123, 152, 1834
69.75, 152, 1896
477.75, 152, 2008
416.25, 153, 86
185, 153, 384
55, 153, 490
9, 153, 524
314.5, 153, 540
33, 153, 662
933, 153, 692
407, 153, 726
1193.5, 153, 920
33, 153, 922
277.5, 153, 1244
144, 153, 1330
2642.25, 153, 1398
4161.5, 153, 1482
282.75, 153, 1498
305.25, 153, 1506
2728.5, 153, 1730
3045, 153, 1790
175.75, 153, 1806
552, 153, 1894
2695, 154, 16
285, 154, 62
20580, 154, 154
72, 154, 640
25.5, 154, 656
490, 154, 728
256.5, 154, 1202
2450, 154, 1366
31.5, 154, 1406
7.5, 154, 1518
3439, 154, 1772
19, 154, 1824
7.5, 154, 1862
484.5, 154, 1896
45, 154, 1928
389.5, 155, 136
1815, 155, 1450
420.25, 155, 1566
187, 156, 62
67.5, 156, 140
31388.5, 156, 156
138, 156, 332
24.5, 156, 340
2038.5, 156, 370
442.75, 156, 432
121.5, 156, 490
165, 156, 514
106.25, 156, 520
222.75, 156, 548
225, 156, 568
1710, 156, 570
38.5, 156, 718
174.25, 156, 738
150, 156, 752
54, 156, 846
2408, 156, 884
392, 156, 1088
115.5, 156, 1128
140.25, 156, 1130
11.25, 156, 1254
78, 156, 1398
174, 156, 1410
75.25, 156, 1436
102, 156, 1686
80.5, 156, 1770
899.5, 156, 1826
204.25, 157, 0
66.5, 157, 150
200, 157, 310
272, 157, 502
306.25, 157, 580
2009, 157, 610
200, 157, 782
1291.5, 157, 788
112, 157, 1112
199.5, 157, 1142
408, 157, 1268
147.25, 157, 1432
192.5, 157, 1482
215.25, 157, 1502
201.25, 157, 1610
176, 157, 1752
3300.5, 157, 1884
358.75, 157, 1904
92.25, 158, 110
41695.5, 158, 158
106.25, 158, 206
2534.25, 158, 274
38.75, 158, 296
69.75, 158, 402
78.75, 158, 528
225.5, 158, 600
2793, 158, 630
331.5, 158, 724
77, 158, 738
66.5, 158, 796
21, 158, 1006
2294.25, 158, 1030
93, 158, 1046
42.75, 158, 1082
14, 158, 1106
119, 158, 1108
82.5, 158, 1178
4089.75, 158, 1192
729.75, 158, 1222
38.25, 158, 1304
124, 158, 1428
1377, 158, 1468
62, 158, 1618
209, 158, 1642
144.5, 158, 1700
1496.25, 158, 1722
2150.5, 158, 1746
68, 158, 1764
56.25, 158, 1776
24.5, 158, 1862
369.75, 159, 2
3723, 159, 56
45.5, 159, 64
107.5, 159, 284
107.5, 159, 286
72.5, 159, 298
217.5, 159, 462
493.5, 159, 508
152.25, 159, 524
10.5, 159, 526
82.5, 159, 572
1261, 159, 604
19.5, 159, 646
38.25, 159, 752
45, 159, 806
2425, 159, 810
94.25, 159, 898
297.25, 159, 1180
13, 159, 1414
58, 159, 1628
291, 159, 1648
126, 159, 1718
493.5, 159, 1766
39, 159, 1776
325.5, 159, 1784
2327, 159, 1990
102.5, 160, 14
6, 160, 130
36153, 160, 160
45, 160, 224
18, 160, 250
4488, 160, 276
3751.5, 160, 338
45, 160, 444
112.75, 160, 446
3605, 160, 478
24, 160, 488
5265.75, 160, 524
164, 160, 558
127.5, 160, 570
3399, 160, 600
153, 160, 690
332.5, 160, 712
323.75, 160, 722
3255, 160, 746
140.25, 160, 980
87, 160, 990
165.75, 160, 1028
497.25, 160, 1042
318.75, 160, 1092
20.5, 160, 1122
67.5, 160, 1142
903, 160, 1178
65.25, 160, 1192
123, 160, 1194
459, 160, 1210
87, 160, 1272
6.75, 160, 1352
129, 160, 1394
178.5, 160, 1402
76.5, 160, 1404
245, 160, 1526
123, 160, 1532
420.75, 160, 1536
1272, 160, 1546
909, 160, 1682
21, 160, 1696
112.75, 160, 1756
389.5, 160, 1770
113.75, 160, 1820
24.75, 160, 1892
69.75, 160, 1926
4017, 160, 1946
2648, 161, 12
234, 161, 66
100, 161, 78
10, 161, 82
331, 161, 186
19.5, 161, 212
3081.25, 161, 222
757.5, 161, 226
36.25, 161, 296
304.5, 161, 340
170, 161, 412
62.5, 161, 474
2050, 161, 480
27.5, 161, 744
45, 161, 840
250, 161, 1292
2482.5, 161, 1316
30, 161, 1346
180, 161, 1502
1798, 161, 1602
17.5, 161, 1708
24.75, 161, 1748
38.25, 161, 1852
70, 161, 1936
71.5, 162, 34
210, 162, 50
178.5, 162, 54
156, 162, 66
2838, 162, 86
147, 162, 118
412.5, 162, 140
35107.5, 162, 162
4530, 162, 238
55, 162, 268
15, 162, 274
15.75, 162, 354
71.5, 162, 376
375, 162, 384
73.5, 162, 408
95, 162, 454
262.5, 162, 462
56.25, 162, 542
525, 162, 548
15, 162, 596
210, 162, 654
294, 162, 664
90, 162, 728
5050.5, 162, 738
16.5, 162, 752
3210, 162, 776
160, 162, 824
566.25, 162, 844
252, 162, 914
72, 162, 990
1653.75, 162, 1076
198, 162, 1172
504, 162, 1214
352.5, 162, 1238
252, 162, 1262
350, 162, 1294
126, 162, 1318
225, 162, 1442
246, 162, 1650
232.5, 162, 1652
30, 162, 1714
3510.75, 162, 1822
120, 162, 1858
2904, 162, 1926
48.75, 162, 2012
494.5, 163, 80
195.5, 163, 142
411.75, 163, 522
1623.75, 163, 614
2358, 163, 966
191.25, 163, 1034
131.25, 163, 1332
157.5, 163, 1576
105, 163, 1858
3013, 163, 1882
529, 163, 1920
24318.25, 164, 164
420.75, 164, 750
406.25, 164, 798
396, 164, 1000
3047.25, 164, 1480
358.5, 164, 1526
52.5, 164, 1664
2748.5, 164, 1776
2390, 164, 1866
275, 165, 12
13, 165, 218
3, 165, 326
51, 165, 436
1260, 165, 446
3, 165, 448
112, 165, 564
21, 165, 594
1963.5, 165, 632
240, 165, 642
21.5, 165, 728
981.75, 165, 780
264, 165, 838
51, 165, 842
88, 165, 964
323, 165, 1038
52, 165, 1082
232, 165, 1092
2.5, 165, 1116
21, 165, 1184
66, 165, 1214
217, 165, 1418
259, 165, 1450
40, 165, 1514
49.5, 165, 1544
570, 165, 1610
2935.5, 165, 1650
104.5, 165, 1658
15, 165, 1744
3570, 165, 1830
232, 165, 1870
399, 165, 1902
203.5, 165, 1916
2142, 165, 2016
43.75, 166, 40
323.75, 166, 84
19125, 166, 166
553.5, 166, 288
122.5, 166, 414
41.25, 166, 432
336, 166, 478
101.25, 166, 770
3578.75, 166, 912
3748.5, 166, 1076
98, 166, 1336
133, 166, 1604
203, 166, 1672
105, 166, 1932
2233, 166, 1996
258.75, 167, 66
51.75, 167, 460
212.75, 167, 634
30, 167, 1096
24, 167, 1184
74, 167, 1402
52, 167, 1668
253, 167, 1708
928, 167, 1816
86.25, 167, 2018
23017.5, 168, 168
73.5, 168, 174
73.5, 168, 272
67.5, 168, 330
399, 168, 616
2021.25, 168, 642
483, 168, 646
5712, 168, 742
19.5, 168, 768
267.75, 168, 810
42, 168, 842
388.5, 168, 1080
89.25, 168, 1126
231, 168, 1578
66, 168, 1608
178.5, 168, 1868
42, 168, 1882
112, 169, 652
350, 169, 758
19.25, 169, 852
357, 169, 1268
204, 169, 1486
480, 170, 2
168, 170, 12
4820, 170, 120
256.5, 170, 168
35572.5, 170, 170
21, 170, 186
342, 170, 248
481.75, 170, 276
4233.25, 170, 318
6, 170, 354
1627.5, 170, 372
123, 170, 532
287, 170, 582
50.75, 170, 590
59.5, 170, 630
24, 170, 682
280, 170, 688
260, 170, 746
84, 170, 852
4185, 170, 972
42, 170, 992
40, 170, 1006
59.5, 170, 1046
461.25, 170, 1070
71.75, 170, 1216
154, 170, 1230
2557.5, 170, 1256
330, 170, 1310
157.5, 170, 1316
270, 170, 1414
420, 170, 1422
111, 170, 1428
3.5, 170, 1430
500, 170, 1614
1149, 170, 1708
126, 170, 1726
387, 170, 1746
4650, 170, 1790
279, 170, 1808
66.5, 170, 1812
450, 170, 1854
532, 171, 74
1130.5, 171, 186
63.75, 171, 262
208.25, 171, 296
38.25, 171, 446
598.5, 171, 456
8.5, 171, 556
1670.25, 171, 564
21, 171, 682
423, 171, 770
2394, 171, 842
798, 171, 1542
157.25, 171, 1574
55.25, 171, 1714
87, 171, 1784
12, 171, 1896
931, 171, 1932
810, 171, 1968
23324, 172, 172
452, 172, 208
18, 172, 220
473, 172, 386
473, 172, 882
483.75, 172, 936
204, 172, 1036
280.5, 172, 1038
34, 172, 1042
93.5, 172, 1086
126, 172, 1116
24, 172, 1180
120, 172, 1198
231.25, 172, 1394
354.75, 172, 1418
85, 172, 1538
505.25, 172, 1548
482, 172, 1618
2703, 172, 1636
173.25, 172, 1650
4, 172, 1682
80, 172, 1784
107.5, 172, 1790
22, 172, 1870
346.5, 172, 1902
483.75, 172, 1956
253, 173, 40
237.5, 173, 50
512, 173, 84
80, 173, 104
72.25, 173, 218
44, 173, 390
1567.5, 173, 406
191.25, 173, 474
166.25, 173, 592
66, 173, 602
225.5, 173, 676
242, 173, 868
33.25, 173, 1016
299, 173, 1136
149.5, 173, 1374
3208.25, 173, 1410
99, 173, 1550
3484.5, 173, 1578
3051.75, 173, 1672
275, 173, 1684
93.5, 173, 1744
17442, 174, 174
1368, 174, 428
182.25, 174, 790
81, 174, 900
81, 174, 1802
1556.5, 175, 192
3696, 175, 206
3042.25, 175, 340
2051.75, 175, 348
189, 175, 394
849, 175, 544
63, 175, 592
262.5, 175, 690
3396, 175, 848
919.75, 175, 1024
283.5, 175, 1382
94.5, 175, 1410
29.25, 175, 1644
1344.25, 175, 1980
70, 176, 110
225, 176, 166
29902.5, 176, 176
540, 176, 226
68.25, 176, 230
84, 176, 234
99, 176, 304
3213, 176, 312
791, 176, 390
689.5, 176, 416
4182, 176, 520
357, 176, 756
3588, 176, 820
85.75, 176, 840
112.75, 176, 852
357, 176, 896
84, 176, 900
324, 176, 944
225, 176, 954
2104.25, 176, 974
78.75, 176, 1170
1129.5, 176, 1500
344.25, 176, 1694
306, 176, 1752
314.5, 176, 1970
722.5, 176, 2014
153, 177, 276
87.5, 177, 330
162.5, 177, 392
2051, 177, 482
1818.75, 177, 620
21, 177, 790
958.5, 177, 840
255, 177, 946
1025.5, 177, 1106
110.25, 177, 1110
33.75, 177, 1152
42.5, 177, 1196
28, 177, 1218
110.25, 177, 1252
181.25, 177, 1416
146.5, 177, 1432
549.5, 177, 1556
76.5, 177, 1670
10.5, 177, 1694
69.75, 177, 1796
3735.75, 177, 1882
24.75, 177, 1942
36.75, 177, 1986
112, 178, 72
20.25, 178, 130
45723.75, 178, 178
20.25, 178, 262
165, 178, 310
195.5, 178, 432
119, 178, 502
1746.75, 178, 522
119, 178, 530
205.5, 178, 540
375, 178, 554
22.5, 178, 576
78.75, 178, 580
528, 178, 608
4521, 178, 812
232.5, 178, 870
105, 178, 878
4473.5, 178, 1090
315, 178, 1208
157.5, 178, 1210
33, 178, 1294
2739, 178, 1408
247.5, 178, 1416
173.5, 178, 1430
49.5, 178, 1482
2774.25, 178, 1522
15, 178, 1534
32.25, 178, 1550
150.5, 178, 1580
51.75, 178, 1610
232, 178, 1626
2877, 178, 1746
3037.5, 178, 1764
45, 178, 1784
1, 178, 1940
411, 178, 2012
209, 179, 22
1045, 179, 590
1320.5, 179, 1140
57, 179, 1368
85.5, 179, 1658
9, 180, 0
58, 180, 56
178.5, 180, 124
26389.75, 180, 180
19, 180, 190
1585.25, 180, 208
136.5, 180, 218
123.5, 180, 326
9.75, 180, 380
300, 180, 388
337, 180, 422
35.75, 180, 446
43.5, 180, 448
32, 180, 494
84, 180, 530
178.5, 180, 572
1119, 180, 724
976.5, 180, 726
122.5, 180, 758
125, 180, 850
31.5, 180, 896
24, 180, 908
1153.75, 180, 992
204, 180, 1082
52.5, 180, 1178
123.5, 180, 1180
52.5, 180, 1208
146.25, 180, 1462
1191.75, 180, 1466
33, 180, 1596
1462.5, 180, 1606
1585, 180, 1688
663, 180, 1694
43.5, 180, 1720
1295, 180, 1932
43.75, 181, 132
45, 181, 284
2260, 181, 350
341.25, 181, 356
223.5, 181, 360
43.75, 181, 386
1713.5, 181, 478
341.25, 181, 1134
332.5, 181, 1498
201.25, 181, 1550
145, 181, 1572
4165, 181, 1788
341.25, 181, 1938
96, 182, 94
224, 182, 170
29666, 182, 182
328, 182, 350
154, 182, 464
3993.5, 182, 564
245, 182, 660
3423, 182, 696
3690, 182, 706
92.25, 182, 790
288, 182, 1026
235.75, 182, 1222
2216, 182, 1624
294, 182, 1652
152, 183, 34
8.5, 183, 88
38.25, 183, 114
318.5, 183, 126
108, 183, 246
32, 183, 390
160, 183, 432
114.75, 183, 524
64, 183, 710
1106.25, 183, 770
114.75, 183, 904
204, 183, 1006
1814.75, 183, 1122
1218, 183, 1188
88, 183, 1234
126, 183, 1386
110.5, 183, 1464
80, 183, 1710
3528, 183, 1780
112, 184, 6
134.75, 184, 22
280, 184, 34
408, 184, 176
28737, 184, 184
416.5, 184, 234
45, 184, 370
187.5, 184, 516
85.75, 184, 710
184, 184, 788
87.75, 184, 790
306.25, 184, 840
39, 184, 900
490, 184, 944
160, 184, 1026
208.25, 184, 1048
73.5, 184, 1282
45, 184, 1336
4201.75, 184, 1362
3517.5, 184, 1400
142.5, 184, 1408
2905.75, 184, 1484
300, 184, 1572
16.5, 184, 1584
375, 184, 1614
196, 184, 1762
240, 184, 1778
225, 184, 1786
39, 184, 1802
144, 184, 1822
67.5, 184, 1884
128, 184, 1942
61.75, 185, 278
382.5, 185, 308
257.25, 185, 502
4488, 185, 634
26, 185, 708
236.25, 185, 846
220, 185, 882
252.75, 185, 1016
112.5, 185, 1018
157.5, 185, 1184
110, 185, 1194
374, 185, 1354
152.25, 185, 1488
3982.5, 185, 1512
147, 185, 1598
292.5, 185, 1750
26, 185, 1776
1348, 185, 1784
484, 185, 1792
438.75, 185, 1860
146.25, 185, 1992
122.5, 186, 4
617.75, 186, 146
28710, 186, 186
35, 186, 198
292.5, 186, 370
73.5, 186, 468
59.5, 186, 672
77, 186, 694
98, 186, 918
1160, 186, 968
68.25, 186, 1086
108.5, 186, 1352
1790.75, 186, 1518
28, 186, 1574
107.25, 186, 1584
580, 186, 1950
4564.5, 187, 78
2857.5, 187, 100
120, 187, 232
127.5, 187, 394
217, 187, 404
450, 187, 474
358, 187, 718
352.5, 187, 806
350, 187, 858
2170, 187, 936
637.5, 187, 1008
460, 187, 1034
172.5, 187, 1126
3132.5, 187, 1244
587.5, 187, 1360
391, 187, 1378
60, 187, 1436
285, 187, 1578
90, 187, 1636
5287.5, 187, 1710
5094.5, 187, 1866
38.75, 187, 1934
126.5, 187, 1944
11587.5, 188, 188
566.5, 188, 256
8.75, 188, 280
11.25, 188, 736
463.5, 188, 938
61.25, 188, 1486
161, 189, 50
172.5, 189, 174
84, 189, 228
35, 189, 296
73.5, 189, 322
294, 189, 340
161.5, 189, 386
228, 189, 408
2519, 189, 562
61.75, 189, 608
93.5, 189, 626
126.5, 189, 632
147.25, 189, 652
172.5, 189, 676
236.5, 189, 744
166.75, 189, 788
109.25, 189, 790
114, 189, 854
2232.5, 189, 856
168, 189, 882
225.5, 189, 1030
52.25, 189, 1246
17.5, 189, 1276
93.5, 189, 1336
96, 189, 1388
45.5, 189, 1570
1736, 189, 1602
60, 189, 1898
187, 189, 1900
218.5, 189, 1988
137.5, 190, 118
21742.5, 190, 190
1728.25, 190, 248
892, 190, 280
1059.25, 190, 326
111.5, 190, 422
1951.25, 190, 1002
264, 190, 1188
93.5, 190, 1358
44, 190, 1362
66, 190, 1490
1951.25, 190, 1562
355.25, 191, 26
4091.5, 191, 78
6.5, 191, 140
214.5, 191, 190
92, 191, 272
225, 191, 300
67.5, 191, 448
164, 191, 486
344.25, 191, 506
4973.5, 191, 590
104, 191, 634
266, 191, 712
3382.5, 191, 720
259, 191, 722
2604, 191, 746
416.5, 191, 778
563.5, 191, 794
624.75, 191, 886
490, 191, 938
333.5, 191, 1070
100, 191, 1230
1310, 191, 1250
27, 191, 1266
5163.5, 191, 1272
287.5, 191, 1320
375, 191, 1374
17, 191, 1384
5940, 191, 1476
196, 191, 1526
30, 191, 1542
305.5, 191, 1566
175, 191, 1588
2376, 191, 1620
207, 191, 1642
91, 191, 1820
85.75, 191, 1854
345, 191, 1858
60, 191, 1860
165, 191, 1878
195, 191, 1970
4137.5, 191, 1998
23642.5, 192, 192
1347.5, 192, 208
2205, 192, 294
76.5, 192, 366
31.5, 192, 452
980, 192, 550
227.5, 192, 560
376.25, 192, 1022
94.5, 192, 1406
43.75, 192, 1576
218.75, 192, 1864
980, 192, 1928
26.25, 192, 1960
245, 193, 2
44, 193, 106
15.5, 193, 112
826, 193, 114
4749.5, 193, 130
264, 193, 192
150, 193, 244
176, 193, 288
37.5, 193, 386
13.5, 193, 396
2374.75, 193, 420
21, 193, 518
19.5, 193, 524
360, 193, 570
323.75, 193, 644
2745, 193, 650
277.5, 193, 654
190, 193, 708
7.5, 193, 734
247.5, 193, 814
187, 193, 898
375, 193, 1024
2430, 193, 1132
190, 193, 1186
215, 193, 1260
21.5, 193, 1398
3931.25, 193, 1530
190, 193, 1556
172, 193, 1652
99, 193, 1698
193.5, 193, 1756
49.5, 193, 1794
333.25, 193, 1802
370, 193, 1876
470, 193, 1946
2937, 193, 2006
165, 194, 42
55118, 194, 194
94, 194, 206
114, 194, 250
258.5, 194, 464
115.5, 194, 554
112.5, 194, 560
11, 194, 654
247.5, 194, 728
3689, 194, 780
2767.5, 194, 866
52.5, 194, 908
173.25, 194, 1124
45, 194, 1182
2190, 194, 1238
2051.5, 194, 1258
2880, 194, 1264
92, 194, 1288
622, 194, 1346
3924.5, 194, 1388
80, 194, 1454
4448.5, 194, 1888
120, 195, 162
150, 195, 324
162.5, 195, 554
156, 195, 558
2482, 195, 612
156, 195, 620
1950, 195, 716
4545, 195, 1510
40, 195, 1542
2263, 195, 1544
